5.470779895782471 4.299999237060547 
5.249999523162842 4.299999237060547 
5.399993419647217 4.299999237060547 
5.399993419647217 4.299999237060547 
7.349674224853516 4.316263675689697 
9.603218078613281 4.743856430053711 
10.799068450927734 6.310476303100586 
10.915733337402344 8.452563285827637 
10.740738868713379 10.494569778442383 
10.52312183380127 12.63351058959961 
10.329170227050781 14.875112533569336 
10.1748685836792 17.069665908813477 
10.05704402923584 19.316526412963867 
10.399560928344727 21.473125457763672 
11.92623233795166 23.05289649963379 
14.119081497192383 23.474407196044922 
16.31894302368164 23.451004028320312 
18.518798828125 23.42609405517578 
18.689573287963867 23.42416000366211 
18.489582061767578 23.426424026489258