5.249999523162842 4.299999237060547 
3.9896645545959473 5.285674571990967 
2.6123650074005127 7.300971984863281 
2.357813596725464 9.730082511901855 
2.524372100830078 12.274055480957031 
2.7359507083892822 14.765083312988281 
2.96456241607666 17.304813385009766 
3.2194106578826904 19.841819763183594 
4.053239822387695 22.229137420654297 
6.115987777709961 23.501893997192383 
8.614147186279297 23.52858543395996 
10.964061737060547 23.50864601135254 
13.363937377929688 23.4842586517334 
15.813783645629883 23.45672607421875 
18.363618850708008 23.42784881591797 
18.689573287963867 23.42416000366211